$ANSIBLE_VAULT;1.1;AES256
39376639346362366336646137643565306435626464346637623638323563343265353863333765
6336373033346662383163646131376239363930353035660a663633356565343334303866346136
36386435626430626336643566363839346638396537626635363535656166323863643266666339
6532663833303232300a363762323833626162396633356234393836326530366161373936386633
64633664343765316438386465373966643132316164636566666130666337393266313530376364
61316530383261663935653965646433356261383632373732306334386563393936376433633137
64353234396132383363336531396232326361316134353366333636646239343435303564386338
32643339616463313234623234353330373534333765333337313963653361376364653137636162
30656137313664663434656331326533633166303733333266356661623339643037353834396632
34313331313933376366353633643933393333336238343634363563633234636466313031343438
39323762636138393638306434613062303263316137363131616432633961396632613165613463
31613966396436306631356234316439323139346330386261363439646164383733306665663535
38613532633562643733643039376235306361663166393566346432303935396337303563373932
63333763316234376539616366646430643338623732393036343564336635363036326564336365
32363335343165393166633433353862616664373530343761373232363961313135333032356631
63353565373634393064343164306464393331646638363936653939666465323366393532363138
62393161336236616639336339623864333034313766346330303130343864643463643066383466
31323033303431656134383937663035306562613363646364313339353330623061353762383132
31383737643063633630333636653366393430393461653433613964353531373032623265663733
31343466306533326161653036386661663237633034656539623263613761303437343731646536
64333937353631323237366435653036613634356537613738353563643532623965643861623163
31333835353166633062646338393163373264393661333532336161613637633839646263613539
61343464623065653731343038373861363137643437323830643435653938396363386237653133
33366535386436383831643236656466313036313934346230306232626333666430386564363630
62326562356438303534333436633537633332643339383330336332316631666239353862316664
63386636336262316334666632653939616636653032623134626637366566363731393139383466
38623766323664626339333838373436346338636335653065663635373239363333626636336132
66303331646636393630303433393936646166346537643335343038626661313738623936313532
66366366303831366539633064646665303962636136353639633066326662343464393362303063
32623662626461313230323430373764353736313966626635643337626161303964663633303037
37323638623463643330646232646530303466393165646132653531653838633935343830656330
66316231383763353865643761303763626332396164316334376637363261626166323533656230
38353132386337303566353932613035623839643536623866396262613634333062613433396335
34323039623265656464653866656531653030396266353163313336653835386632323461653966
66333731323964373939636564303239333939373536656330616134346133346636346666643531
66356466656362336432623539316437323839303664643834346235383039313830646336353962
31303634623739613934353232373561633161336263343435313530373365373130303933616536
35333633376237346239646234393462353236373533656137393035376636343261643661656435
61366536623739373736663236346433623233663836663733633738666332633439333737633336
61663534313239386630653463613662376565323738613335346266666331386361613061623633
66366638393366353962303134316264633139646462313430323865313931303236303533376464
36343034656238663931616534393839633032626264353336306638633833343230363861333865
30373030383934616336663039303534363366656265356633343866343032313465643331626263
32663538356632353638333665353264643935363863626435373930326238373062303031333863
63643036646665353539666563383461343836383232383732623664383835613663303932386464
31626531323130666366623331363231633766346265666132643664363365663535663731633063
32633632333336396531386665663436663435303232396530656664343465636161323461656638
64643562383934316361663431396533373564313438663232623932363038333337383864633739
36353863626137396237343134343064333039623533663266373631303362373666616239616461
62343433626461393132303363396131663162326161376164343430383365323961656361383734
39336330616434623464636236313434613036653035303234323661346338623863623461396437
35643132656333373238353234353464326537313437366235353234363331653031376538376361
33386665333962666432313264336639393565366437616666386263643430386539356638626166
65316362656330323262383638343738346533623664363439303838666132303334356464643039
37323531623263383630643833343530343439303735343234303966616165643430653832383839
35656238323331616136373031656332646261306532363266653338656236626161666435393131
61303035313237383962333463636133313632383030386438633830646661626264363432366339
65393636626432613136303634366239613338663664633361623430393436623635336239353636
37313336666265313661633133393634636236666139393066386334663431363033613835653937
31383361666132613532646162326536393538323365346238663862613561333134303663303134
62333632663136623935313630373533333363653137393066393038326134303564383365343365
61303733313031646430343735343335353335636461623464633137363634653335613265373937
35623635626136613434323833643266623838373938626239636135383430633839633638616530
38633338626239643836326431326432623465306635653239333137656633623031386261396339
63363939336365326137376330636365383035353161663261336663323931663361353337343663
34343736353265313864363832663434353036336131303162336461343433643438643761636432
37653131386465383766666665333331313764663639333836353531333335663531363666356266
36616133313032353736623337353064373335663838396366383861366165343931656539393837
31643935633933636139383239663934633539353934323333363336613661313161376234613535
62346431313265653362303734373733323936353661393262376461316233386561636264646366
61613537373734613134626438386233656331303266363334373064316334633164336436393039
63393061353762386231323336303637313538316236613861636561353536346433353631396264
39323365613761613463643465643761303433383031393535393534323437313337623833333033
61373434326530323238643163383931616632313663326338396330623633333565633366356166
35353432376436653735656630643135313464386331323934356133306337323061653664393736
35343631316263343838303330633430383262356561616265643337646565643638633461633139
37623166366333333862613865663435336533666237613135666361303261626337366338313131
36393834646232636131343262616164613830336237366637626235623066343066326534396663
34356563653336313264383031616166366638386362306336663837643835663966626535393731
63653632303233313038616435633135356262393033626163623133393635353366396136363033
64396338666438303030636662656234396438326434356439393130376234303034656431356239
38626633383439653539303037313638333062373761613063636538646639636134643137636266
31363365623738396365386364663734343835356466656231303662363535346638383034653666
61356139636533303034623731366261613834313466626361653762393761326565353335666664
37383238346535343637626364356232643235646233376630333664303637343630613136646133
34316438653466626138383937613830316233313866376266626466376634316334343830666136
35343365313362663265333363666138386537356331333332356336343238626634613032343033
66663138633561303638363937636264346664663139303431663365633936666437613830363138
31666430396635386661326132313638386533643861663161626234363335353263646665393234
31393261633262363166646661336539343333343566393164356466663534616334663531356165
38653131363033653739303332376463366331626539346637643238373364616466393938653735
30636662356331306631653261303862376234623165626432393665336535633334636161623663
36306162316165626437373634653865393765633038646364666638383135346265343936316132
65666239343965336430646630646632336662336136623632333565356530383535356337313030
34376232353433653038386266623831343733306561623836663463663936663464393035363061
62313163363036343461616638613637373565653363393262356564383638363530323333613236
66343365323730656164386463333339656435643931306233333834366566333537633635393830
31656362393066303938663431633237663031303661343936643531366133663731646536303830
33363633626566366238393062653135616130616631646564313436306635383430626136346264
39626563313836623831363161613834636631626433303362393839343733356434303639323963
63356635306331303333333238373139373434366537656431363233623434666463316334626537
62326665333565356539373930653834353636663762386330633839616537313531396136376138
37626238363162643733316430616663356665316132313166643037653039316361373132346462
65666166633133666231333736353862623730363731343131623061633831356632326131653235
30303664636138653739353433613630373966313933316639653464656438376563373831316561
31306663386632666238323330396233653131306535396463323036346262373861343338643662
35356635653032393238323361353236363939653861653838323736333634616231636336623734
61353731396533623330373165303265366638303032613861346131643537393035376162313366
34313833633935643963376163303066626636353063313833393931626532316232633434326132
35663066353836303233636261633330636463653235613939643938373962393564383266356133
62323738346664613730343664376332383734383561343934633733343563353239643535386165
30633163663466653534663865636362656533366132323431373764613433616562623363376636
30366361653830356632633935616465316263363236663365636437303830383163373566343133
31306432336132323438343333303463656131613564303962626534383837636465316435353238
64303531336138653366306466303364666237343331313337623238333932633363623164313230
38373565623730393564343866656234643537653234333234643037626639666265373066643966
37383736393538323264306166656230376638346233393465613163373638396136626561613464
34353939653634306461656339353634373466346265636463383766646365313032353833353136
37323863333030663531613832366130626265663239356332393730393731383639323761326239
31303232316662333862643730353665633639313838363737323139393238616662643332363763
33386661363963316665633735656438396465316666313138313065396561386262303734616666
36633532303066336430373838386134383537343338396436616338623061646533396365323239
30373736393166643136396464343733363365326565343061366465343932323631356338323964
30646337313663343532356135323164363034386430646338313065303834633036313961636161
35316635383963353563393336373664343039646632353865656466366332643239656239613666
65353632613665656332306537653761626263303434313533666138306532376565313739663933
61623833376336323135383330386663393861356366653936646533656134663030303833653532
65656666336432346236353232313031306537643365633730663036623666366138373863346334
62643334323731333464383735616339656437316665323861393835323164323162306331346136
33636633633535333664316661646132623136626432646666353434613739313031626462363065
30633635623662373039343262656234653434336536653930303133336338646630633264616334
34623639303035356165613037313632393932333137653737316633613633636331636537313336
64363135373566646639623834663831363732356164646330633733373431376436333832323736
39656463383838333964326136366364353634313436306265383832393732353466626439393231
37663063303236376136326463343435616437623561373532616233393832663636643566306366
36306165663032346632646566393161623734333633666133363335393261653139376365383430
30396634363363393462636331353063366132373834366664393435663362623661326339656438
37633439613435313932353235626231333037326464653034393264363431316564316161346132
66373462613031313364313632646534383764613465326639663539326430396563353836326232
39313664633532303536316534633230383861646462303364626131323939336536346439626562
64643034336435616362643238636339366232383035393262396230336239313363616464626264
66323166363465303839363832633935633265323861353039636130643364336532623065303938
35323661653036353862396137303439623461653336393136313931653831616530366536393636
64373831303463613065623031393662336462336563616331636365313866643232613332653938
37316533353332333235363034363738333236663537393036666539633761656165643734663063
36383933356430343830346435326633323462643865396436646537386264623035663532383130
33616361656165356335326463636438306130366438306131663932623937653639353033653165
66323361653037353932333562616530353832353231356637613530393164373662346263396238
65343764303766353339353037303964393536326165623731336432336332333566336563613265
37373439306564303139306139343736633562353063373237616538346136666530353061393661
37366434636464616135646464326136376134303632643764343538356436623963643365396230
31353935653430616464393130353830326231353966373831666136643261653165633432666534
38653039303931323262363361663861326634643631396162646234346566306137333633653762
62326235663665643433316231666561626236343863613863313337303530623431383135333163
66623264323636396437376539343531636234623731656632613739363938623362336538643331
65383539303432666238643264666336613137373661633634366162396362333537313439393837
35396233646338643262613233646339396166336230306336313337376135373838396365653365
37623364356130363530333136353539333961646163326565343262616433616462643761353664
32376635643236326239306135303130663938396263396464383034306437326131653835633633
36396336633034343764363865356263616533626439393061396463643034346630306330393431
33386265326465363633363831376461316431613538333837653863656365373365366531333631
63393261316663316538646562303531626134656437336166663234366266616231393863653166
35623038386633303666336536313538326365663739633037633462373934316661383633346566
34313064616330363331326461633363623462636331313733613034623039316462353734363533
36326565393931303863613632323464303163613833653331303362613530306161383933323739
32623537623032346437343036363332363138373761313666646661653366313064333161623538
34666565393631393265623762316265626434303334303532316263386361653332306139383137
31303232333032393062653939306539313861626439663839373336373961386533626162393239
65363834346264396632656463323335393936663435316532323861393735643263306330656133
61343536333535643636646638316330303062646665356139653930306639643239366537616231
64346165393532323132346135623533663661643331386162366536366564376235623666353764
61313034376630386233366538623464393436643364383462373736303166653838633336323366
63393234393532646134393161633836633564663161316566396439333233306566353466396164
32303230363832623865373433613734326435623930393830323230346635613662613761386434
32393434316438303537366563363266633836343463653262393738663730346366636433353866
63653437336237663966623834313736326630323836333866363164613633393364616334313836
63623064616130636365376666316132633239306631316136393064356333313465323432306230
34383534363832306639306161373139616565376631396430623232616135343935633634393961
33613237323830363430346234373137666363623266363135373761663239373532343961653338
62323334323434323261666435326137393732656230626233313932396166616335313662343737
34666132313061613264666665366139356562323865666535373964366539316161313439623733
37656461303736316161643064336164646362383430303330623835326361613465313935623736
34323133363266326135653363396363626336373762353962353938366639643432656161666135
35396662623164316130643363356134616666366538303137353237326539316632393734333436
34663335646238313134626166653830313662646430326662313531313564383435663031326133
64643238393831303730363531393533383264363461633535326232356135616664636236623635
37373966623461333337663032636639326366613064303430333565373665643338373162306664
63303831326564623131663138396438363233656162643830636262393963393266373964623064
35336537663161363434623163633165333966303835613737646664623765336362663836313062
32363961366237663435663532613565623539376266356534396161666133373332386266383834
36653465643235303035323233346331646461363434376262663030626231656130623239666337
65633331306261633664343734653830373766336238653364343862626666373066346430393638
35646538653032653632343937336466323832633539373933613231336531386462303238333736
39663338663461636538316531323361316335373461323235323932333864393930653739393535
35656331363065383631373931656331373831306163353863303639303465396433633333346164
32323764323036353935633861636365643431643236663664346534343439313462373666656538
32323939373336383333646534386333356334303030316362626665376565343936333231356631
63643437653463646330396538656530373233356265623734613231646437346365313866373462
31383930623663613465346564343662373630343063613236313632663365633036623565303464
61383530333563663866303332333864663466363462356561303865306332643063323833376632
62636664376263346664383162386637643432353465396533316435383438386132633365303664
34306561653161663061303135363862363231636639616536303536383464343939363964613934
66373536313930356564373339633231363832656164326233326336616233663364363961386665
63636238376239363866623437333166643963653531613664656664653162623233373938346665
66323961376337626136303766393933653537313362643763366133623836643664626463343934
37393561336664643637316234363064323065313162643632396533653533373763643664353739
65643734386331616131386230326261313738623531363836356334653732326634313564396234
63306130633137383434616461346262376538396263663537303061356235346363343030353431
62353763663566373531333763356465353932353463393134653538663233353062663230656635
65663934373230323663373366343839353938346435323662343961613937373162366364663066
63373439356235323933373330613161393732383932306232636235363137353161313465623431
34623832353561303561646536613831633164393561636565633238333034326536313666656331
39303563306638356339343339303433303433656231393637616230373333366266306632623238
62646337313466623833373335353033306135353463313263636666653161306462656438376334
31323736393263646237303565336433363837636435323937636132666230303936373432646232
37383038373765383337636132633538616531643536376237643134663238643064333235363466
65623033643361343766663439656239353166666562393062336437306464373535306336346265
36356537613965643534346366366334336130643632653962316564613838353765646232346162
36396266653262316535366334313163303361356531343930663661393032333730653165363134
37363963626363313563663339636334613335313766333033373761316331353265363463613136
32623162316435613563376336383064383936306461333763633763383336316635363535346231
66346365646166373266376563373930386338636130353439613866356635306666626630666163
32323939343830366136316264373634646136376566346333663132616633303535616165333332
66346432623436653866363533326365663338366532336134316633613764633063623636613365
30636565323530323135313361653463626135386562656562616235373365356363363730656263
32616361303138353566323862383139393864643161393736353939613462316337343839373432
66653831336264663036316438623466646133333962313535366330343662303235646566616335
38613735636465653239653739336466333237326235303030393133396662643565386532626138
30393866323932656461303638343031356337643733323565383465396164656135306262663566
65326330303533343239396362396537306634666537333035393133333864643164336135633134
66356534643462663562353731636463323163633834363739656462656139363061316465363631
30363766373037643132653837633839646165363638623364663931316136313162666565623439
35633637313938396637656330323737313831373339663165353730333231656635363431616262
34323537316633393139373861326239323232306533326335386431313164633330656133373536
64303963323336613930396363383436303232356133313636363732373166653530343739626465
37306363623532376364353663616264336432333830373433663663646161306334343861333838
64323761633238643333616336373931323639353366356232363761383330393936636531303461
36343262396433353561393036356538333336663035366336353733383436333461613163633630
32646434366464313736623230373337383035626136643065643730323363346335656363326262
39376366373939386233343762666637363434393333323961343230326236376562306538363663
37613063323565383364343362383937343661336632343639636561306633643466366663636361
36623964393261623066343636393666386161636630363434336139623263373439306133303364
61373864303138383739613665633164343461303965326433653034636233323166383066326338
36393466323136326237363833363764366536346432356437393237326535373334613535663261
65336561333763356662623733363861396230633462313663366438386136643730333334623233
32376634313837636232343964636366663062363031353961626461363161616136633438623038
64653362383732613935663464383065366265303339393663646430313437393630333635343130
64346164353166333038663763353038343131653636623337323266316137313135393166393563
64316133336632653534343639393866653666336265343763353037653431666364393634363736
64343562393838303033626537333664346364373139666163636266346235633133663030616138
31633035623761646136653136363930303834653864353363383530353638386435353861613437
36303832353835333437653666326534643535326166373232306338306334646162343062636333
39306138303333613265326163306638643033323161373462326631316666376637386361306136
35393864343139353532383263343762633538393333633035373030623665623936316531613734
64373034353634663139643966373531363133316665356130346139373961663130656638613765
33336235613861366336626138333535643037383833363862663764326335306337373935326562
64353362383832623361633636326462373233613562613166616231376631376232663435316363
37613734653666363866343766646136336361343633643033663331613865393363656664346433
36633535346335366463336339346136376337356666303530333536643835376137633561373732
61646338356137316166306338363263663138646466623332656637633538656136633863353634
39343833346533666236366435653138366566383933653434323535326531343036643862336266
38633962323562376662356233626434353461346630363037626637363136303036643566303063
63373063653530346465373361303265636163643064316337363835303939666132343334313530
62366161663330643066303236383439376632633438643035306535313732343963636236373133
30656666396462373663356664326561393532646661323939346266653361393138653235663332
33376366623035373833613630613566366339323334663364386639356431393763326538396464
65636439643631363339626139356362346335386331303136343739393338303736333837353532
65393466616665373366383738613366306462316130613339393932303430393634393434376462
64633965633462326461326164666438353632363331343237613365623734386430336135613737
34643531653433323030303462326262323230646563663964646165303262363239336365633964
34396130653733646161633162373135306538356238393333393039353037653530666365343061
66653865623164646530373562653961333630646433363331653233646462353763663265626634
66396331383261376666383066303436633131396661626466373064386561346333303464336533
64363232383639373935623832666163373766643136636265373763373163346432326137353534
62306230643230633634333936313465383538623335646162366130363836343037373335333439
61373739366131653130373134323562383535333537353066333137616163313331383436636330
61663966633866323939386435303236346631633361343734653165326535613465373333643031
65323164306530323037316365396563376661326437393138303039373234613866356530353536
64386163306133336333626534336338316333343537613333316539303233613933383561616261
31383639653835613435613437616164656564356665313036323837336635343836333539366263
34333665306532353834393266383336616462663630313037313964656466383735336236396338
30613963363465383137643466346634353639303435363765343331383436393632636139656231
33633437383865643338613338303633636263353335376332393635353730306463336663303238
39373531653564653461343434393534386566336237663336383862643337363064303739343764
34653266656532313766386264653634313732353836333839623137363534343730373866616132
66383464323938366635633830313032343764663062306438656663656565343034386631353666
62366264393032313664383066313966653861626131616333663636353233386265623730653261
65313861393736393961633230316333353461646566636661393863656231626439303736393331
6661
