$ANSIBLE_VAULT;1.1;AES256
62633834303261316533356661653837333136343365396430353338353665653634393164623534
3333323937386363633062373330326438636634643231370a633031303730376566613930633062
63646265303234313031623235666437363465313832643362633630376464626266326330613365
3661323866663861620a346366643735326166653135323466626133373265383264346638623933
34643734626330353533373732353361666538393534373538363239616462616231346639303064
30333032623661616239663034623032613833373563666164643734613461643565623165616136
66663737633366666664643865363230373232303731346135396135303665636664623961623964
30633834356531633564386162373238366263336235386630613835383661633830643932643437
66316139393266623132383238313736626532333638383235366463313636643234663164363761
38383064333565396663633762383362303866316635653835323465653533343732663538643138
66643665383939366238363339363839633362633261653666353632393535666562376334393361
33363230356538386639396361336463663630316338333131643362643934303531393162373264
62363630626630363665623438333636396131363839663535663762636665313063306139643131
32376334636332376632323964343832633763613561636161613335353665326166663162383038
64363062363166303465643030626561613466643232643335373335306338646539656133653961
39346363383930316137633463303239616632646335386537303934396331346233633136366335
31643634323165343861393265343161346266353630303934636230653439613162633339353436
63393734643562346233643634366134313431313439306264663461353662353538306539666563
66323865623636333136376663623838373632366366313439643338626261333136396436333364
39623662373031636463303439633965386364336366323763643731373232306265663662393132
32653638393665366432343434666232383365616266376533306366333265373935643662646336
33323062353336633733353335306631633466323765626138356632663836363137303961303164
34333365313765613132323334353566613965333039323263663262363033383766393163396662
33343363636236653936656263633036393433393764323136393234663833383264636262623631
62336532336364313532613439646531316338343334393332663736636332653066366163626166
35366530356634376533653637646161336165323263373530336535646232313634626233623665
63353861376433396334343137323961316139343663323363336236613936646339353836636232
37653362316239333261326535373238366634386461323235646138306262663164363764326536
39303636303837623533343131623839313065363533633835336461616366326465383638663139
33616165623735393964313037633037333163383830613364353633323931633332363764333737
35373962363037386166386136626531663539663033656338636333366461363532636139306362
62393263333665663537333234643839626266623737656530396238633265396561646163353632
63353839623938383264396661323236386664326162343433653963616439323233356135393638
32386462376632376162396130306238653039626438393133306166383132396535353435633831
39616662333763376530313865346334393465613561313938383065616437336630336333303233
35366233383961623434376536363565353238373839333137663830353336636239303966396362
38326538626165663136306231396137663230386532656538396536393963656438623735373439
33383462313736313436623236373063323662326365386364613334393636383263303663303135
39663566663536336233393366643961336338393632646661383563633438343764366231653231
38386531353232636638656430393833663631396365353761326663373031313735346261343930
33326230636431633232633937626266336437353366636635326137383731306134626565653462
66386336653534373739313239623430303630346632383962376466636437376339643332633862
64623364633435656566343031633332656663653731626632353430326634656632373830623434
66623233393330666662313739636361316666663762346239633335366434373961656265333530
61646264393730616564663936396436643137613730346234353032323736613065633936363032
61343362643966356466646339663562376265373066626663373839663065303265356538306564
36613165306563663439653434363735613138383431386435643335303035343266363532623636
39613461616632613736373230303865613864666637626233323132616633613039393838363365
61333338303933356462393765396165626263333537623635623764613433386562383734643031
30653133323637616535383563666335323532353066613836653434626438336634353133343738
31623633383135336534333062643436656237333434653766323662613465633764356662343535
66396434396531313665386564323036313433666433623736613931666262626364653061343537
64613863613930636164343165323361656330306637303466656238343034366534373630643962
63656638353237663466343536306163613466343237656365653735613030396231646136396234
31666562303162306434643363633836343365643531353461633832633331383266343464316462
61653666383038383561366461356638303363623163333965633964326539393935623965353639
64316239366237373363386662623961313631636236346666376637656565313964303937623663
32323364383461376331336664633336336438653661383339613732303831663135396536656532
31323134633362633235303432313762313761656362313633316432346434623535636538336635
36323661393566323466656163663939383735656137613033356132383366643937353633656436
37663566336137643735383633366635623866366432613736396466323365396439343264326130
34333238393462656434376564343663303436363265623762336366643532616634626362373935
66313838393530663663633237356430616463326336313831373734343963316432623761346133
34373863343030636565353439376431316230323937646365326633336161646264363234653738
63666361333238623638353062613239366363663730333738346530343034633234353637316638
30386238386437663865663537376530643961363261316136376631623263613936633562613866
36343836363266326536626438623065363834363531363737366563336662633431376339613938
63366463363865363365333439386537373764333834373033643134336231323630656336616465
32343362383031656238323335363062643035623231616532326430396133623638663964313933
62636139363462356237333561366230333565313837303065613534373066343235653834616134
35633932313236623261386137613662386434373630633439356362626439366331313936363535
33313464616438663965363830656135353436326565316233393036313666623436643439656566
33303263616133386635656132363234303365383139663261623065643031316235343839663137
33373363663739663236333435666265353936323361306432383036303662616266633964613066
39663365626338393037396231303835303034623530396566323636643133616534383337333439
37383531333739666430306163336231383932303362306666333134383162323337323563316638
33633535633563613064386466303231393033363233376562386535353332656461633839666535
34656464633135306462356462353032323833373536383166636164326665623937626630633135
64653463353432383263613561613162666561656631613535393133613937656233656464616536
34633862323765643263353531643131366233633635636263613539366331633132626261383561
63626630613239633266656462326539623261613762316232346338303637366430333333346563
62623534653966376537313636353331326163636662626266353962336436393630663035663562
62666562303732623839623737626666626536323465323135643934303931663737653535323563
30306539623961383464333833373539393933356634386363336233353835633136396632633933
64666437613161343034653833636231343361653065653762373032303131613563643438336434
63383738643966306630393432623363356464656365346135323864326332666539336339313861
63363835306661663932386639653030313866373264623633376436343863313333656534336366
64316661656238366439663431623764303137343265313266653339646232656631303261633439
30626438306639393462373239363765313236623538333866376162626666616563633264656164
38393265663662363432643231623634333934336638633633383033643130643963353639343739
62366234623265386134646430613062386163303165396430336361306162626330363764623931
37633036666163353037666665643832383561646664353265376662626531303964383130376431
35666562663965313335623730653630326330363034323034333538373765373466396634306430
38376332643865663334383339633934336130663030376132393131386530623566373731383930
35613638346463336133306134646535323162646537343231663139666135383865323063316666
33393233356562363464623032636238383534616132633763306161363233393131643062346366
61376134623061643339356338636464326332373233363763633362316663643062353461393932
33383964363164646565353033346634336535323732646262303661313834613130333661373264
30643566316164656532646361356334393066346364383834656134336130633034303865376665
66623063363934376132343136666338633139633537626432633739393834633134333930636636
65666366326134323963663763616238316235653130343066343365346137633237316536383734
64363738376339303063393535396337343564353536353366656239623163613930376630336337
31366363323137303861613037373334636535323235616139366361356238306631636464623265
62346463666530376338396366346636366430383765383665363738643063636236346233346135
34643533356534666234353831316565653734633662643165313538326230643963363833666138
34616639633934653633323831636236616535626365343235323831633063346536656263373265
64373662666439383137613962613662396461656365613739653063663965353762396532663137
39653837633262646361633032616465323366353466646136323534306137333264636161353164
37343965393864343064633835633266316132313033633964646438313864323065646638626230
62623235393165346235643166306233356563353966643234313933343963623230376335313136
33353931353062623639613038326433643838366666313764623365616638666134666363383965
37643065383236336534633130316265646433313435363565313137636337313531653538396362
62396462323437386561363933653531363564616164623665386236366237613133633930313639
36373438386265343035303333323336363638633662326433303333313234633333623133356465
30613337343630653162326539363836346139396466666334313239386236396136336532343861
65656237613664336462303265636661303632353336366431353436663637343236376136623832
39393030346435393463633539326234643733656361636331656461356162383439393236363633
39393030383535663838376562616564613535306263343031613332313265383836633664326339
32613139316661383036353862653534383330396533353438323236383931303534633339613636
35353062313336353932633932643062333532353336323132313039643465356635616431646565
62386530343237646330373764653138616434313932646563623438636331313233643664346461
35393663633638623633363163363765656462373836663133626433333135633531663662323335
39353236636365316161626166666161336335373132306533313763393064333763666133653434
37626232376437613134613635333832623938616265343461303862626633613230383761343662
39623063383537646639353565356563373436333633313137343565643963313237326136333035
33653966633561386535633732316134393866656230616238313438366263326435656161376361
31306238306234376433383165663966333532383765336566623739636566653134313738663364
30336231313633376665366636343837326331353762643730366663313461613834396239306161
35643135376633316435633366616232396338633264333365313233646466376432633363613934
38346563333338323265616161643064383464633066363634633236336335643235653037393532
36343164373732653163393162636132653536633665393730333665393836343038646461383731
62333433613730613232346466646462383161313563346534663365336536353637316133646130
33663330633637633137636133383932643462313636373765633064623930633233393030393633
66396634643137356564313433646566326239323530333033366435386363313539336164656530
36343166343866383164376466643032376437613830646338396465396635303233646130363234
32613062323037373966613864393739373339633530383736633838343335336534316638306364
37393062616436353132616431386566363732343364373265653939643865663266646263633465
64623965636132663562646537363937666432656532613139643064646334373034376664336664
31376133306539333938633533383862633030626363336262356136353166376437383031636530
63623939373965356333343165383032303035346438373032373339623233623431633839346437
38336331313234636361346538643563326363366565396637303639653231393233303033643731
38353165336166393836383238346162356539363261343862326263616161623265363736306666
39646238376261643436326232646461366231353864346138306131613932663639323362333437
36616263323161656436313434643536383361636466636262656266363533636463303861393836
63326563323566356132636462646432656662666463323634653966616638616563626238356237
62646637663230643330326666303632616361363333633563376563306539323737623031633664
30323062373562613137653137393237353235363933666463653934616238353330626238343739
38393661303963643266396630636163333565353065333566616266636537306164303630653637
37336666356664393766343662383265666331373739366239313165663438336134366633633039
37613161663037306235306333313663356138313631346236653064636132646262613263363862
66303264336233333162363562313338393062326638323961383766353037663439373032613138
64373138303435366539333534373637643131386362373037323862306239636137396631616233
38323236333130313061393538663665373262353837643637633837326134306564326138313131
66366536376634386438383963653462623331663361333965363035306534353235343631623965
37386530326335306530643465366262326439376139323732653439656364656465613065373435
62376334626332353630343534306132356163303431316137383439623361343961323064353233
63333030393765383766363534383930616632386532376630653936303464613532643237316265
61656164333561353766303162653437373165663831636332383739303036373961383737636566
33653165313239323566366230616239363432653961313630383937396230343239313835363037
30343637646464383266333235396434653234386565666537323433396637346161373931366534
38653232623831343362376633366236666433623239373961666332393562393738313637333665
64353030303837663964636439346630623832316166613833373239636332646164396332303566
66636434353933323332376164396337313232376435613232393536353331333131356461323135
34363163643034373366336435323230646138653632653264633336306462393163393932366239
32323437366431313335303330383639363866306131386162626531393035396135343236346538
64633638613836646337353065623165373365623234366637333834623061336136613066613763
32333062636337616161323931396631613735386135396632393431313763356334316431353933
31303366373066363466373262626663386666353731383932323665623335643063323164383432
64303639333064366266376363313462363534626562633236353033633963383666636337363433
30613361643966623563356438393066366238626163656465363933613533313234366162303235
32356339316566386334643362376430363438316535333935363136363539613933336666373436
30393763623533663866656166666435306564353534636362353431333039656430663536396666
61306638313331633430383564303936313063663265663664343838323133326461333236646164
65373762303539363132623264363530393337633563313230323163616464313064366561653836
65333936343138613730623465656532363037646436373637376539646463646132346561363263
36386266316262663530626266313766373766623931323061376165623535376535343463333361
37393366343538343737333235313065633531333063633032666330386638363231396636666166
63313339643531303836633532336261613461636366643136336466633139626238646235633231
62353236666431643339363161373136396534306437643562623934346137386630656635356632
33636537396465643135656466333731353863653133336562303164316566353730656630303638
64313032646334353932373537393839343732313430353636666338623435623361303038613761
37616635353237626631373830643765323830323762616438303832313931346132626230646536
30643937393233303736633964306135396136353235386232346633323565343635323031363334
62396163666665633635653762363366383965356234646538353166343739396136656538613565
31323336636638613032613535646235353363353436663038613630656234346366353536303337
30316135656433616431343766613536356166326265326632393039373039356634666433376633
63313463393061656461656536646666316665363838363933306634653233336463663564313866
39613264633866323166643166313833396236643961303132646138633438666163303766376536
64646335363331373338636438326466633562666363316431346130323533623039313664613139
33646533376339383337356139333166316536623062623730313462363464366333386433613232
64623633326132313337376537303535363331666465313966393166643030383737313134383639
65396437616330363735623634306665353766323865643537393638643634366362656234363763
32313366613131633966383434373537613163383833333763363336613336336264643539313365
34383466663862373135643061633563313165336665626465653230643631343830396139653761
64326538316663653635633433636233346462306336643765386339303238353331313137323037
39353935636635306432653239633935373534623861373535356266376565646665346536343636
63633733316465663863323835363130333864613363313133366131613434336365336137333438
32656433643065336561343339623233333939633663613462303461386133636537623630303937
64353839613436363364396462396161363931643863646230356335356162636231633035376461
39316332643838633831366132343665333932656339313639343232373133373735363765343661
31306537353038666465333037353631333239363766616262613033386261643863363164663037
34316232633133393865353664666130373265356365343830306437383238626231616336653431
63656234306137323362313037353339303931653538623465313937303332333830363136316639
39326238633061396365383634623262653739396332343436613165646333666632333031616536
33643730643732383237333331313236633466376537353661383538346163643936636534313836
31343163323334386462643662653633333533353231646630383536306530666166343336633631
32303233396463633033626465306165323762396463653562383434316239626465373639326638
36386634613262623665623638623866643766633934336665656435653430303834633231353439
61366535613037623137633735383730383166336538393764613538386138303536656139663062
38356664396235636339653534646339623533396461386662386630323762396563653064386436
32303132643235613439353562376334336566363639303664373632353539633139393135626138
31666637653532333863323161326632613634623962306337666138666166326438653464356364
39633633333165613961653736646662313039393966333166313965313638356664336235323232
34303462316135663030643966613765376339616566336465343135326337663238363734313661
65383236626633383838613631373832313965656265643232323966383964303735313966383733
36666137333662303662326664363462636662386361316138323433613433356230653164383639
34623937343937653039626433393631666133383934303864656366663036353739316332366434
61376531666533613933356630636662646436316632613831313131326362386134346530323339
64646538633064333336373738383639663139326434313162326339613161653366656334633835
34663131663436616236633663363762643338373165383565373364333633636231346665306638
66306164323736363633323032343634656664656330396332336239616236386530306363626135
37636635393963393462396138313361313337383861346339623238333763306561636533623230
36656365363234613532623465623864643865363135323566323830316162383532343833366165
64623637303664643464303461663436373639393832353933633065653532353763323138333466
38383534333662343433353366326138633764613038366533383730396535353333656630366135
66373664326532306130343339626263353833663237633661643833346137626437646662653361
38656636326465373736623234393334346638383432373935396332643430643933643733323362
63316637386566356538343162373135376566356233636266333435303437353533353561313963
61353138666665303336383864336538383330626530333230626334396237366237616133396563
61346136386235613132616234636236616633633331363663616238616464613962396532383765
66306536636435613832613463303636363132373330343637313437653737376636373032366433
32326138623630333631386433643036343437663835663239336337326665393530653130346435
30626237323132306438353666616266383062373362656564303333663962323437636337303331
31653465666437303564346631396635653964336236653835373132653361643234303263616434
38613435646362623932663039666335386362333263656232363135643832633966316264363337
31623538353665643463306365396235343165636437663466313961386237616165653864396230
63363035353830643033376336613464373133343935353764663762393431383065626434343065
66313464633061353538356531633030643238303938323539633363316337363531373830323634
33313731653536636330396239656465366266303339613232643066396536366161326366336461
33396666323837303039396265343934386439666432643836616338343966393633316464663432
64353266636365316263353431396131343534346135346535643039626363643737303465323531
63636464306463383639373332323965653936333133643939613137373132323031363733326266
65663933643235366331363365656533623231363237666332623161663739373236616663363861
30333439393530343362343365333863623731356264333331333631663363303561643935303332
33656163643930383462663834653832643664343333346662653538373366643131633265306135
34363036656362666533383438373930383562633638326437326636626631313634346461643365
37396230656136323366653263343038373437333239653666346637383332313964646131383834
34333639666337353833333434623230336566663234333735643531623035663532343131363735
62353030623837303863663136613035626266633938383732363931326532626665643566616234
35383763623932306630313363396532386462336165666663373136326531616561363233343237
62336337313935306639333464363361653161323563346564653037356466373439656264303937
38623963616464633361643239653331336663323039303038386232343831643237323962613630
37343764303631333438653831353037623536323630373533376364393130636332613438353961
35386633666465343535303431353931656238623039626131616230613366373061396162663563
31313239373330383162353334346464316639636163363732346638323265616134303764396339
61346664643338343761353639636537343235376330633534616635623164623565346536636635
31306264646565656239386137623338303963316665656135346433616135316632386235356232
31353664303063356337353961323531636664386130313531353737333536376262383863343461
31303861383031633637663266353366346634303066303032666334633061353037386535393939
38393363386430343364613638643038636666376338653535373137626634353033643339316166
39363166643364396162353739333338616364363939643665396235346437663032366437343139
34653532636536636238356138653531383733343636316466383165346538333334366537613535
33373936363964393735383564613036323864653735623937383466346638333762653036323966
64626165336566343033613736653663613766633137316565643834616430663963353530663862
30336238326631633663303036613438616234393062356634376538353636356363306337393063
66333737336238663063396561306539656161376334396531633362366361653531393434633438
37616237643036326361386236356331646232653935376363633562666430313965663437656634
63326439663865656637656634366466633637353232636662353135316432613837346331633966
36386235336537653636663734343333393266353839336630643130336635646633336462656564
34383531393234396536613664646566366562623364383336316263396233616565386161393038
36373163363236356435306633616638366438316638306265383562626130653834386539656565
66636539343832393238666138363339313230303838633134646538303830383837663264663930
32363734653436643334353266386334356232383465343934383931633338393363383136343430
33643630316561306265316334663635363939653531343666386137663233666661646664363430
64323936613966643533363662616432353464356334396235353063373664653033313334666139
37346134313666366530663166376533336431633265343532316130353165626461386436373864
65613338633462366464396530393733636531613231636136376235313134396338333637663136
32386633303738613330336263376163363763316632323362383361303261316334323662636538
39363238356137313131653665333666626138353838306432633665616338313562303435633333
66616238386235633637346639396366623061376630636531393238303936623339623661323034
61626531346336616232663132373037646338346236376662346532383864656130373066613962
39306635313762343661623130333062316563363061623032353836623862633637663836363262
34383664396238623337666632313331306137366462326566623334303434373635303165626663
32336661353434663532393161343135343031663038356537306463333737613364393330356561
33306338353832363236343339323737613231326132323365646232643032353839316666653362
65376566306230356230633962313161366431346266666630623738323436313139616339353735
39353936333763363430393336656661396439633538336136653634383035353532396239343566
38313833396432366636646139653733643536383839643738626630363762613162613330383433
3430
